# H系 長パルス 送信種データ No.1
# NLFM 32u 1.63M@58.75(21.25MHz)
# パルス幅32us用
# T=38(40); B=1.63; r=5.5/T*2;
# 送信種データ(I),送信種データ(Q)
32768	,	32768
32768	,	32768
32768	,	32768
32768	,	32768
32768	,	32768
32768	,	32768
32768	,	32768
32768	,	32768
32768	,	32768
32768	,	32768
32768	,	32768
32768	,	32768
32768	,	32768
32768	,	32768
32768	,	32768
32768	,	32768
32768	,	32768
32768	,	32768
32768	,	32768
32768	,	32768
32768	,	32768
32768	,	32768
32768	,	32768
32768	,	32768
32768	,	32768
32768	,	32768
32768	,	32768
32768	,	32768
32768	,	32768
32768	,	32768
32768	,	32768
32768	,	32768
32768	,	32768
32768	,	32768
32768	,	32768
32768	,	32768
32768	,	32768
32768	,	32768
32768	,	32768
32768	,	32768
32768	,	32768
32768	,	32768
32768	,	32768
32768	,	32768
32768	,	32768
32768	,	32768
32768	,	32768
32768	,	32768
32768	,	32768
32768	,	32768
32768	,	32768
32768	,	32768
32768	,	32768
32768	,	32768
32768	,	32768
32768	,	32768
32768	,	32768
32768	,	32768
32768	,	32768
32768	,	32768
32768	,	32768
32768	,	32768
32768	,	32768
32768	,	32768
32768	,	32768
32768	,	32768
32768	,	32768
32768	,	32768
32768	,	32768
32768	,	32768
32768	,	32768
32768	,	32768
32768	,	32768
32768	,	32768
32768	,	32768
32768	,	32768
32768	,	32768
32768	,	32768
32768	,	32768
32768	,	32768
32768	,	32768
32766	,	32753
32796	,	32766
32769	,	32811
32709	,	32767
32770	,	32693
32858	,	32774
32756	,	32873
32646	,	32750
32792	,	32630
32921	,	32801
32725	,	32936
32583	,	32714
32833	,	32568
32982	,	32846
32674	,	32996
32525	,	32658
32894	,	32511
33037	,	32912
32603	,	33049
32475	,	32582
32975	,	32464
33081	,	32998
32512	,	33089
32438	,	32487
33075	,	32432
33108	,	33103
32403	,	33112
32420	,	32373
33193	,	32419
33115	,	33225
32278	,	33113
32426	,	32244
33325	,	32432
33096	,	33360
32139	,	33086
32460	,	32104
33468	,	32474
33045	,	33504
31994	,	33027
32528	,	31957
33615	,	32550
32960	,	33652
31846	,	32933
32632	,	31810
33761	,	32664
32836	,	33796
31704	,	32799
32775	,	31670
33897	,	32817
32673	,	33929
31576	,	32626
32959	,	31547
34015	,	33011
32469	,	34041
31471	,	32412
33183	,	31449
34105	,	33245
32225	,	34122
31398	,	32159
33445	,	31386
34158	,	33516
31946	,	34164
31368	,	31871
33740	,	31368
34163	,	33818
31637	,	34156
31390	,	31555
34062	,	31405
34111	,	34146
31305	,	34088
31474	,	31219
34402	,	31506
33993	,	34488
30960	,	33952
31628	,	30874
34748	,	31678
33802	,	34834
30616	,	33742
31858	,	30532
35086	,	31927
33533	,	35168
30287	,	33453
32167	,	30209
35402	,	32257
33182	,	35475
29989	,	33082
32558	,	29922
35677	,	32668
32751	,	35738
29741	,	32631
33028	,	29689
35894	,	33158
32243	,	35937
29561	,	32105
33572	,	29528
36033	,	33718
31667	,	36054
29467	,	31513
34179	,	29459
36077	,	34339
31033	,	36071
29477	,	30867
34836	,	29498
36008	,	35006
30358	,	35971
29609	,	30185
35523	,	29662
35811	,	35697
29663	,	35740
29875	,	29489
36219	,	29964
35473	,	36391
28973	,	35366
30285	,	28805
36896	,	30411
34989	,	37059
28316	,	34844
30845	,	28160
37526	,	31009
34354	,	37672
27722	,	34172
31555	,	27587
38076	,	31755
33572	,	38197
27224	,	33354
32407	,	27119
38513	,	32640
32653	,	38601
26855	,	32404
33388	,	26787
38806	,	33651
31615	,	38852
26648	,	31339
34477	,	26625
38921	,	34763
30482	,	38919
26631	,	30187
35646	,	26660
38832	,	35946
29286	,	38775
26831	,	28982
36859	,	26918
38516	,	37164
28066	,	38399
27268	,	27763
38074	,	27416
37956	,	38373
26867	,	37777
27953	,	26577
39244	,	28164
37144	,	39523
25739	,	36902
28891	,	25474
40317	,	29165
36082	,	40564
24734	,	35778
30075	,	24509
41240	,	30408
34781	,	41441
23907	,	34421
31487	,	23734
41959	,	31872
33266	,	42100
23310	,	32858
33096	,	23202
42422	,	33525
31572	,	42492
22992	,	31126
34862	,	22962
42583	,	35322
29747	,	42571
22998	,	29277
36732	,	23054
42402	,	37208
27849	,	42300
23361	,	27371
38642	,	23510
41851	,	39117
25945	,	41654
24103	,	25477
40520	,	24350
40914	,	40976
24111	,	40619
25235	,	23673
42289	,	25578
39589	,	42705
22428	,	39199
26749	,	22040
43867	,	27185
37892	,	44222
20977	,	37413
28622	,	20660
45172	,	29142
35854	,	45446
19838	,	35297
30813	,	19612
46125	,	31403
33526	,	46300
19088	,	32907
33261	,	18969
46656	,	33905
30976	,	46715
18791	,	30314
35891	,	18794
46705	,	36567
28288	,	46637
19000	,	27606
38612	,	19136
46229	,	39295
25560	,	46025
19750	,	24884
41321	,	20024
45202	,	41983
22899	,	44858
21055	,	22258
43904	,	21468
43621	,	44517
20422	,	43140
22908	,	19845
46246	,	23453
41505	,	46780
18245	,	40897
25275	,	17761
48230	,	25941
38901	,	48657
16482	,	38181
28098	,	16119
49745	,	28866
35879	,	50039
15240	,	35069
31295	,	15021
50692	,	32140
32535	,	50831
14608	,	31662
34757	,	14554
50991	,	35650
28986	,	50956
14658	,	28082
38358	,	14783
50580	,	39264
25368	,	50363
15437	,	24470
41955	,	15748
49429	,	42836
21831	,	49025
16961	,	20977
45394	,	17457
47536	,	46210
18531	,	46950
19215	,	17762
48515	,	19888
44933	,	49228
15627	,	44178
22151	,	14981
51164	,	22982
41686	,	51735
13270	,	40785
25683	,	12783
53194	,	26646
37898	,	53590
11598	,	36881
29695	,	11301
54479	,	30756
33700	,	54671
10727	,	32604
34039	,	10645
54916	,	35157
29253	,	54884
10742	,	28124
38542	,	10891
54436	,	39670
24742	,	54168
11694	,	23627
43012	,	12081
53008	,	44100
20364	,	52503
13595	,	19314
47246	,	14215
50643	,	48243
16325	,	49911
16410	,	15392
51039	,	17248
47398	,	51895
12827	,	46460
20060	,	12059
54195	,	21090
43374	,	54862
10059	,	42262
24422	,	9501
56534	,	25605
38716	,	56973
8186	,	37473
29329	,	7874
57907	,	30619
33609	,	58085
7340	,	32287
34581	,	7301
58202	,	35921
28270	,	58099
7612	,	26927
39946	,	7861
57353	,	41276
22941	,	56959
9042	,	21640
45176	,	9580
55346	,	46432
17876	,	54668
11615	,	16680
50013	,	12429
52226	,	51131
13329	,	51282
15258	,	12303
54207	,	16322
48092	,	55127
9546	,	46918
19842	,	8745
57526	,	21114
43104	,	58194
6742	,	41747
25182	,	6217
59769	,	26608
37471	,	60142
5099	,	35991
31045	,	4885
60781	,	32561
31446	,	60828
4743	,	29911
37160	,	4866
60462	,	38693
25316	,	60168
5746	,	23802
43229	,	6210
58776	,	44703
19386	,	58144
8106	,	17971
48942	,	8902
55758	,	50278
13967	,	54806
11755	,	12727
53992	,	12854
51514	,	55117
9356	,	50280
16551	,	8362
58096	,	17905
46220	,	58943
5822	,	44759
22283	,	5134
61005	,	23832
40117	,	61521
3586	,	38498
28683	,	3251
62526	,	30350
33500	,	62673
2811	,	31804
35432	,	2857
62534	,	37134
26705	,	62292
3584	,	25021
42182	,	4021
60979	,	43827
20092	,	60349
5911	,	18510
48567	,	6729
57898	,	50064
14024	,	56902
9714	,	12634
54230	,	10878
53414	,	55492
8851	,	52096
14828	,	7735
58836	,	16283
47734	,	59788
4882	,	46158
21005	,	4110
62103	,	22680
41139	,	62682
2374	,	39386
27931	,	1997
63809	,	29737
33975	,	63974
1504	,	32140
35235	,	1556
63818	,	37073
26632	,	63548
2367	,	24816
42513	,	2855
62085	,	44279
19524	,	61384
4955	,	17833
49345	,	5862
58668	,	50936
13068	,	57566
9163	,	11602
55328	,	10445
53722	,	56646
7653	,	52275
14783	,	6503
60090	,	16375
47502	,	61052
3620	,	45786
21518	,	2862
63325	,	23333
40346	,	63866
1240	,	38457
28994	,	927
64805	,	30929
32659	,	64884
691	,	30706
36780	,	850
64406	,	38721
24889	,	64008
2043	,	22989
44414	,	2677
62110	,	46244
17507	,	61250
5256	,	15777
51429	,	6334
58021	,	53033
10971	,	56741
10169	,	9520
57382	,	11634
52352	,	58657
5700	,	50724
16513	,	4622
61884	,	18281
45425	,	62744
2044	,	43543
23920	,	1416
64627	,	25887
37650	,	65011
265	,	35628
31945	,	133
65406	,	33990
29500	,	65281
507	,	27464
40091	,	889
64137	,	42085
21488	,	63502
2792	,	19567
47840	,	3672
60853	,	49648
14144	,	59729
7039	,	12475
54651	,	8377
55720	,	56154
7970	,	54187
12968	,	6658
60085	,	14671
49086	,	61183
3369	,	47240
20203	,	2504
63773	,	22164
41364	,	64388
661	,	39320
28289	,	307
65449	,	30383
33046	,	65534
51	,	30936
36703	,	237
64977	,	38793
24675	,	64520
1604	,	22639
44891	,	2325
62361	,	46838
16808	,	61386
5245	,	14984
52301	,	6458
57750	,	53971
9982	,	56317
10753	,	8496
58424	,	12383
51433	,	59700
4673	,	49632
17777	,	3629
62825	,	19718
43818	,	63616
1260	,	41770
25854	,	737
65183	,	27976
35415	,	65428
3	,	33258
34439	,	42
65311	,	36596
26798	,	64987
1013	,	24680
42940	,	1618
63174	,	44981
18564	,	62297
4246	,	16635
50759	,	5381
58897	,	52541
11299	,	57523
9498	,	9697
57339	,	11088
52759	,	58731
5527	,	50979
16418	,	4370
62196	,	18355
45176	,	63095
1676	,	43115
24530	,	1052
64965	,	26678
36678	,	65301
44	,	34481
33262	,	3
65424	,	35469
27870	,	65167
772	,	25693
41987	,	1323
63516	,	44093
19387	,	62679
3831	,	17392
50069	,	4940
59357	,	51918
11856	,	57996
9019	,	10190
56908	,	10610
53231	,	58360
5840	,	51440
15975	,	4630
61986	,	17934
45571	,	62930
1800	,	43480
24198	,	1140
64908	,	26383
36935	,	65269
56	,	34697
33087	,	1
65435	,	35336
27960	,	65181
761	,	25743
41978	,	1321
63505	,	44122
19321	,	62650
3884	,	17292
50200	,	5021
59243	,	52075
11676	,	57845
9209	,	9992
57120	,	10842
52953	,	58580
5617	,	51114
16349	,	4410
62197	,	18357
45098	,	63127
1624	,	42957
24770	,	991
65024	,	27002
36272	,	65348
22	,	33991
33832	,	17
65364	,	36116
27149	,	65050
957	,	24905
42836	,	1585
63169	,	44995
18440	,	62237
4375	,	16408
51078	,	5593
58589	,	52941
10829	,	57108
10030	,	9172
57904	,	11746
51967	,	59322
4926	,	50048
17493	,	3777
62763	,	19576
43809	,	63619
1213	,	41602
26186	,	667
65253	,	28473
34752	,	65475
1	,	32430
35426	,	108
65157	,	37736
25513	,	64722
1408	,	23262
44477	,	2163
62462	,	46623
16834	,	61401
5341	,	14836
52607	,	6688
57366	,	54416
9420	,	55760
11500	,	7839
59152	,	13335
50265	,	60473
3882	,	48239
19403	,	2849
63566	,	21579
41721	,	64289
686	,	39438
28415	,	290
65474	,	30757
32423	,	65534
111	,	30070
37806	,	389
64699	,	40123
23132	,	64087
2224	,	20901
46805	,	3158
61287	,	48904
14615	,	60048
6869	,	12693
54661	,	8387
55502	,	56366
7586	,	53735
13678	,	6134
60713	,	15657
47808	,	61880
2641	,	45657
22097	,	1785
64442	,	24375
38837	,	64968
211	,	36481
31432	,	27
65519	,	33818
29335	,	65355
516	,	26970
40900	,	1025
63833	,	43194
20102	,	62989
3552	,	17929
49701	,	4714
59508	,	51707
11923	,	58051
9077	,	10129
57080	,	10799
52896	,	58625
5504	,	50946
16638	,	4244
62398	,	18775
44546	,	63345
1407	,	42267
25599	,	793
65183	,	27971
35165	,	65448
0	,	32752
35198	,	90
65177	,	37601
25557	,	64732
1422	,	23217
44607	,	2213
62363	,	46832
16553	,	61243
5570	,	14491
53007	,	6997
56968	,	54860
8942	,	55264
12099	,	7340
59658	,	14042
49445	,	60974
3400	,	47304
20453	,	2401
63965	,	22745
40442	,	64624
428	,	38049
29909	,	124
65533	,	32349
30742	,	65473
304	,	28309
39637	,	728
64205	,	42010
21202	,	63427
3059	,	18942
48776	,	4176
60081	,	50871
12670	,	58649
8465	,	10788
56507	,	10180
53511	,	58134
5916	,	51549
16055	,	4582
62129	,	18220
45068	,	63139
1557	,	42749
25163	,	894
65123	,	27583
35500	,	65421
1	,	33032
34975	,	74
65201	,	37435
25666	,	64757
1406	,	23270
44607	,	2213
62339	,	46883
16455	,	61187
5664	,	14352
53183	,	7136
56778	,	55066
8713	,	55019
12404	,	7095
59911	,	14411
49011	,	61226
3157	,	46802
21023	,	2176
64163	,	23383
39736	,	64786
312	,	37279
30741	,	62
65532	,	33239
29800	,	65401
456	,	27320
40665	,	965
63874	,	43070
20119	,	62996
3594	,	17846
49877	,	4821
59323	,	51965
11594	,	57776
9454	,	9741
57513	,	11287
52288	,	59087
5029	,	50211
17504	,	3772
62850	,	19775
43411	,	63759
1050	,	40997
27001	,	511
65372	,	29500
33516	,	65527
48	,	30990
37061	,	282
64825	,	39552
23530	,	64207
2135	,	21132
46733	,	3125
61243	,	48982
14401	,	59905
7132	,	12358
55099	,	8788
54947	,	56888
7002	,	53013
14580	,	5511
61352	,	16747
46523	,	62509
2049	,	44174
23780	,	1256
64882	,	26255
36765	,	65291
32	,	34224
33862	,	18
65333	,	36407
26604	,	64951
1162	,	24116
43856	,	1933
62644	,	46227
17019	,	61503
5349	,	14824
52797	,	6834
57057	,	54762
8942	,	55264
12203	,	7256
59810	,	14262
49099	,	61176
3168	,	46824
21073	,	2157
64200	,	23508
39533	,	64829
274	,	36997
31102	,	42
65523	,	33677
29287	,	65350
559	,	26737
41313	,	1133
63631	,	43775
19365	,	62669
4014	,	17051
50700	,	5342
58694	,	52806
10746	,	57033
10315	,	8900
58332	,	12269
51183	,	59871
4293	,	48984
18853	,	3101
63442	,	21243
41829	,	64258
659	,	39308
28790	,	242
65506	,	31379
31556	,	65513
221	,	28963
39142	,	625
64302	,	41673
21386	,	63496
3041	,	18981
48873	,	4230
59934	,	51091
12341	,	58390
8852	,	10367
57001	,	10711
52823	,	58681
5338	,	50695
17084	,	3996
62698	,	19429
43675	,	63667
1096	,	41174
26918	,	526
65373	,	29512
33406	,	65529
60	,	30784
37361	,	323
64740	,	39943
23055	,	64063
2351	,	20579
47355	,	3425
60846	,	49660
13677	,	59400
7753	,	11602
55873	,	9532
54072	,	57665
6239	,	52003
15727	,	4779
62036	,	18033
45100	,	63126
1515	,	42616
25467	,	823
65196	,	28064
34843	,	65470
4	,	32200
35976	,	157
65013	,	38596
24355	,	64437
1880	,	21825
46169	,	2865
61489	,	48542
14723	,	60119
6965	,	12570
54987	,	8683
54974	,	56864
6952	,	52950
14743	,	5402
61504	,	17020
46133	,	62686
1864	,	43663
24416	,	1082
65027	,	27016
35881	,	65387
3	,	33220
34979	,	74
65173	,	37630
25286	,	64670
1580	,	22715
45326	,	2501
61910	,	47749
15462	,	60593
6445	,	13252
54364	,	8123
55568	,	56302
7451	,	53572
14099	,	5838
61132	,	16360
46803	,	62377
2110	,	44337
23743	,	1267
64901	,	26350
36535	,	65318
18	,	33858
34362	,	38
65256	,	37037
25851	,	64797
1413	,	23248
44825	,	2299
62145	,	47284
15889	,	60854
6161	,	13641
54015	,	7822
55884	,	55992
7722	,	53897
13769	,	6069
60938	,	16029
47132	,	62219
2234	,	44659
23430	,	1358
64839	,	26049
36821	,	65284
28	,	34127
34112	,	27
65285	,	36808
26058	,	64841
1357	,	23433
44663	,	2235
62213	,	47145
16006	,	60924
6093	,	13736
53939	,	7758
55940	,	55936
7761	,	53944
13734	,	6094
60925	,	16008
47137	,	62217
2229	,	44647
23461	,	1349
64850	,	26098
36753	,	65292
24	,	34040
34218	,	32
65270	,	36931
25918	,	64812
1403	,	23279
44830	,	2301
62126	,	47322
15821	,	60813
6229	,	13546
54131	,	7921
55748	,	56126
7576	,	53722
13985	,	5917
61090	,	16288
46828	,	62366
2100	,	44310
23825	,	1243
64928	,	26487
36340	,	65340
10	,	33607
34668	,	55
65207	,	37396
25443	,	64706
1553	,	22797
45314	,	2497
61882	,	47804
15346	,	60521
6571	,	13083
54578	,	8312
55309	,	56551
7178	,	53235
14518	,	5552
61418	,	16865
46209	,	62652
1860	,	43653
24516	,	1055
65061	,	27209
35592	,	65413
0	,	32838
35452	,	110
65084	,	38190
24645	,	64513
1818	,	22002
46101	,	2835
61471	,	48574
14598	,	60037
7126	,	12365
55259	,	8938
54616	,	57189
6590	,	52478
15337	,	5020
61887	,	17741
45281	,	63052
1534	,	42678
25531	,	808
65224	,	28259
34516	,	65489
16	,	31742
36560	,	220
64878	,	39301
23539	,	64209
2220	,	20909
47171	,	3335
60874	,	49613
13600	,	59345
7911	,	11415
56151	,	9812
53656	,	58014
5839	,	51438
16451	,	4351
62467	,	18923
44039	,	63536
1153	,	41384
26870	,	535
65385	,	29632
33117	,	65534
90	,	30328
37980	,	417
64557	,	40715
22141	,	63765
2788	,	19539
48502	,	4025
60064	,	50895
12378	,	58419
8948	,	10264
57221	,	10955
52413	,	58993
4960	,	50102
17871	,	3581
63120	,	20419
42477	,	64064
756	,	39767
28531	,	274
65504	,	31326
31403	,	65507
265	,	28606
39697	,	740
64083	,	42414
20474	,	63142
3558	,	17917
50068	,	4939
59011	,	52390
10967	,	57231
10265	,	8948
58430	,	12392
50865	,	60085
3997	,	48452
19612	,	2756
63798	,	22239
40590	,	64588
392	,	37825
30513	,	77
65531	,	33333
29384	,	65360
587	,	26591
41691	,	1238
63411	,	44374
18564	,	62297
4572	,	16072
51831	,	6116
57676	,	54059
9407	,	55747
11890	,	7512
59731	,	14147
48990	,	61238
3002	,	46471
21686	,	1930
64447	,	24393
38373	,	65053
119	,	35560
32809	,	0
65409	,	35643
27078	,	65038
1111	,	24306
43939	,	1963
62489	,	46565
16447	,	61182
5874	,	14046
53750	,	7599
56022	,	55854
7751	,	53932
13854	,	6009
61066	,	16247
46768	,	62394
2037	,	44143
24105	,	1165
65003	,	26884
35827	,	65392
0	,	32979
35406	,	106
65076	,	38238
24506	,	64477
1897	,	21778
46403	,	2972
61263	,	48947
14167	,	59745
7514	,	11887
55770	,	9430
54010	,	57717
6060	,	51753
16184	,	4505
62369	,	18714
44183	,	63483
1173	,	41457
26871	,	534
65393	,	29710
32962	,	65535
109	,	30097
38284	,	467
64462	,	41088
21706	,	63612
3010	,	19048
49039	,	4325
59676	,	51467
11782	,	57934
9536	,	9658
57824	,	11651
51605	,	59579
4407	,	49182
18905	,	3076
63561	,	21564
41225	,	64425
490	,	38413
29978	,	118
65535	,	32857
29798	,	65401
522	,	26941
41406	,	1159
63494	,	44153
18723	,	62373
4512	,	16172
51785	,	6083
57674	,	54061
9363	,	55702
11984	,	7434
59834	,	14298
48779	,	61357
2878	,	46196
22027	,	1810
64552	,	24801
37898	,	65131
77	,	35021
33409	,	6
65345	,	36300
26371	,	64905
1321	,	23556
44723	,	2258
62100	,	47374
15624	,	60693
6468	,	13220
54565	,	8301
55208	,	56646
6996	,	53005
14892	,	5305
61706	,	17395
45515	,	62954
1569	,	42788
25552	,	804
65245	,	28416
34220	,	65503
32	,	31309
37126	,	291
64729	,	39993
22732	,	63961
2589	,	20000
48166	,	3843
60209	,	50676
12489	,	58507
8933	,	10280
57286	,	11029
52238	,	59123
4783	,	49815
18280	,	3376
63332	,	20955
41809	,	64263
591	,	38966
29462	,	167
65533	,	32382
30229	,	65437
455	,	27325
41072	,	1069
63598	,	43869
18958	,	62483
4404	,	16359
51645	,	5983
57757	,	53963
9423	,	55763
11952	,	7460
59835	,	14299
48740	,	61379
2842	,	46116
22152	,	1767
64594	,	24970
37683	,	65165
60	,	34761
33713	,	13
65305	,	36645
25988	,	64826
1446	,	23140
45167	,	2436
61864	,	47838
15146	,	60394
6835	,	12736
55047	,	8739
54697	,	57115
6547	,	52421
15551	,	4887
62083	,	18127
44712	,	63281
1303	,	41919
26485	,	607
65363	,	29405
33182	,	65533
98	,	30229
38239	,	459
64451	,	41127
21586	,	63569
3100	,	18854
49299	,	4475
59453	,	51784
11421	,	57628
9935	,	9264
58236	,	12150
51001	,	59994
4005	,	48467
19731	,	2704
63886	,	22502
40178	,	64687
309	,	37261
31228	,	36
65504	,	34196
28382	,	65241
825	,	25461
42937	,	1617
62868	,	45716
17145	,	61572
5498	,	14599
53333	,	7257
56308	,	55562
7932	,	54144
13733	,	6095
61057	,	16232
46667	,	62441
1954	,	43916
24464	,	1069
65089	,	27378
35198	,	65445
4	,	32218
36294	,	190
64890	,	39242
23398	,	64167
2350	,	20580
47673	,	3586
60471	,	50268
12817	,	58762
8698	,	10532
57103	,	10824
52402	,	59002
4853	,	49928
18223	,	3404
63335	,	20962
41735	,	64285
564	,	38821
29679	,	145
65535	,	32670
29871	,	65407
529	,	26902
41555	,	1200
63400	,	44403
18380	,	62208
4766	,	15748
52277	,	6441
57199	,	54604
8786	,	55098
12727	,	6843
60419	,	15185
47744	,	61913
2372	,	45010
23362	,	1378
64887	,	26279
36284	,	65346
4	,	33281
35262	,	95
65074	,	38250
24343	,	64434
2008	,	21471
46841	,	3176
60941	,	49500
13517	,	59285
8132	,	11161
56547	,	10222
53030	,	58519
5261	,	50576
17566	,	3739
63072	,	20302
42391	,	64091
691	,	39466
29052	,	211
65528	,	32067
30446	,	65453
435	,	27443
41050	,	1063
63573	,	43938
18803	,	62411
4539	,	16127
51942	,	6195
57456	,	54313
9034	,	55361
12463	,	7049
60252	,	14926
47993	,	61783
2468	,	45246
23144	,	1444
64846	,	26082
36457	,	65327
6	,	33428
35142	,	86
65089	,	38157
24408	,	64451
1994	,	21509
46828	,	3170
60935	,	49511
13485	,	59262
8175	,	11112
56611	,	10290
52937	,	58593
5182	,	50453
17718	,	3660
63147	,	20486
42175	,	64156
641	,	39219
29329	,	180
65533	,	32372
30116	,	65428
495	,	27091
41421	,	1163
63430	,	44324
18408	,	62222
4777	,	15729
52337	,	6485
57113	,	54700
8663	,	54965
12912	,	6700
60572	,	15428
47440	,	62067
2228	,	44644
23791	,	1253
64982	,	26769
35734	,	65401
0	,	32675
35918	,	151
64947	,	38950
23606	,	64229
2300	,	20707
47622	,	3560
60459	,	50287
12736	,	58700
8822	,	10399
57278	,	11019
52127	,	59205
4634	,	49568
18674	,	3185
63539	,	21506
41098	,	64459
435	,	38093
30495	,	78
65526	,	33569
28899	,	65306
735	,	25865
42644	,	1523
62947	,	45531
17228	,	61617
5504	,	14589
53425	,	7331
56152	,	55722
7718	,	53892
14090	,	5844
61327	,	16702
46077	,	62711
1706	,	43203
25299	,	862
65234	,	28333
34127	,	65507
45	,	31040
37567	,	353
64586	,	40598
21975	,	63707
2982	,	19109
49172	,	4401
59461	,	51772
11331	,	57551
10116	,	9090
58476	,	12450
50570	,	60278
3700	,	47894
20452	,	2402
64160	,	23373
39156	,	64907
169	,	36092
32538	,	0
65410	,	35635
26828	,	64993
1248	,	23808
44668	,	2237
62036	,	47502
15330	,	60511
6799	,	12783
55120	,	8807
54504	,	57288
6299	,	52085
16044	,	4588
62404	,	18789
43875	,	63596
1025	,	40903
27678	,	397
65475	,	30771
31653	,	65517
272	,	28551
40048	,	819
63881	,	43048
19580	,	62765
4158	,	16791
51389	,	5805
57839	,	53867
9381	,	55720
12142	,	7306
60075	,	14656
48200	,	61674
2524	,	45381
23088	,	1462
64852	,	26111
36340	,	65340
3	,	33222
35435	,	108
65024	,	38533
23955	,	64328
2190	,	20987
47409	,	3452
60553	,	50137
12828	,	58770
8785	,	10439
57282	,	11025
52072	,	59245
4568	,	49457
18847	,	3103
63625	,	21743
40794	,	64537
376	,	37723
30930	,	51
65510	,	34066
28345	,	65236
871	,	25261
43290	,	1735
62651	,	46211
16526	,	61227
5993	,	13877
54134	,	7924
55451	,	56415
7056	,	53082
15009	,	5229
61881	,	17730
44946	,	63188
1319	,	41974
26619	,	581
65395	,	29734
32657	,	65535
161	,	29514
39136	,	624
64151	,	42192
20374	,	63101
3764	,	17518
50732	,	5363
58319	,	53282
9892	,	56229
11613	,	7743
59710	,	14117
48741	,	61379
2753	,	45915
22569	,	1627
64745	,	25613
36811	,	65285
12	,	33662
35031	,	78
65087	,	38169
24277	,	64417
2084	,	21267
47171	,	3335
60674	,	49942
12983	,	58888
8676	,	10556
57200	,	10931
52144	,	59192
4596	,	49504
18829	,	3112
63630	,	21757
40746	,	64549
364	,	37639
31050	,	45
65503	,	34220
28158	,	65210
923	,	25043
43535	,	1819
62529	,	46478
16242	,	61063
6204	,	13581
54435	,	8185
55137	,	56712
6769	,	52713
15434	,	4960
62124	,	18209
44413	,	63396
1154	,	41390
27250	,	467
65450	,	30408
31947	,	65525
244	,	28773
39899	,	785
63907	,	42969
19592	,	62770
4186	,	16742
51493	,	5877
57712	,	54016
9196	,	55530
12403	,	7096
60297	,	14995
47780	,	61894
2319	,	44877
23677	,	1286
64984	,	26783
35590	,	65414
2	,	32399
36324	,	193
64841	,	39478
22965	,	64035
2603	,	19966
48446	,	3994
59876	,	51176
11805	,	57953
9746	,	9449
58219	,	12129
50825	,	60111
3793	,	48072
20363	,	2438
64163	,	23382
39043	,	64929
147	,	35873
32862	,	0
65369	,	36063
26303	,	64891
1429	,	23195
45358	,	2515
61645	,	48255
14531	,	59992
7457	,	11955
55956	,	9615
53540	,	58110
5514	,	50960
17330	,	3864
63044	,	20234
42275	,	64126
629	,	39158
29556	,	157
65535	,	32768
29556	,	65378
629	,	26374
42282	,	1411
63040	,	45311
17315	,	61663
5528	,	14554
53567	,	7447
55924	,	55952
7422	,	53536
14589	,	5504
61684	,	17355
45265	,	63059
1395	,	42227
26437	,	617
65385	,	29629
32684	,	65535
167	,	29461
39265	,	650
64090	,	42394
20105	,	62990
3938	,	17192
51106	,	5612
57985	,	53691
9461	,	55801
12142	,	7305
60138	,	14752
47998	,	61781
2394	,	45063
23527	,	1329
64964	,	26673
35656	,	65408
1	,	32421
36346	,	195
64827	,	39544
22859	,	64001
2665	,	19823
48623	,	4091
59737	,	51378
11583	,	57766
9985	,	9215
58457	,	12425
50470	,	60342
3577	,	47656
20840	,	2247
64318	,	23919
38450	,	65039
92	,	35228
33555	,	9
65287	,	36795
25538	,	64728
1680	,	22407
46157	,	2860
61200	,	49056
13740	,	59445
8108	,	11189
56686	,	10370
52682	,	58790
4898	,	50002
18385	,	3325
63493	,	21378
41050	,	64472
398	,	37860
30916	,	52
65505	,	34175
28113	,	65203
955	,	24912
43747	,	1894
62397	,	46762
15895	,	60858
6495	,	13184
54868	,	8574
54641	,	57166
6313	,	52104
16162	,	4519
62529	,	19057
43445	,	63747
878	,	40305
28446	,	286
65518	,	31705
30560	,	65461
457	,	27311
41420	,	1162
63352	,	44530
18012	,	62025
5128	,	15166
53041	,	7024
56358	,	55510
7783	,	53969
14168	,	5790
61468	,	16956
45631	,	62905
1495	,	42555
26156	,	673
65362	,	29399
32859	,	65535
155	,	29581
39202	,	637
64092	,	42385
20062	,	62972
3987	,	17102
51237	,	5701
57848	,	53856
9273	,	55609
12396	,	7102
60346	,	15071
47610	,	61981
2213	,	44605
24054	,	1179
65071	,	27267
34999	,	65459
17	,	31706
37112	,	289
64646	,	40351
22021	,	63723
3048	,	18965
49486	,	4585
59127	,	52234
10750	,	57037
10835	,	8422
59195	,	13395
49384	,	61010
2996	,	46458
22142	,	1770
64677	,	25316
36968	,	65265
12	,	33674
35164	,	87
65040	,	38444
23868	,	64304
2289	,	20734
47812	,	3657
60213	,	50670
12188	,	58267
9474	,	9721
58047	,	11918
50959	,	60022
3816	,	48115
20421	,	2415
64212	,	23549
38763	,	64982
112	,	35477
33372	,	5
65301	,	36680
25586	,	64739
1686	,	22390
46235	,	2895
61124	,	49188
13562	,	59317
8298	,	10974
56926	,	10630
52346	,	59044
4644	,	49584
18887	,	3085
63704	,	21965
40379	,	64639
288	,	37109
31741	,	16
65455	,	35068
27164	,	65053
1217	,	23917
44774	,	2278
61881	,	47806
14851	,	60204
7292	,	12158
55858	,	9517
53552	,	58100
5454	,	50870
17535	,	3755
63178	,	20563
41817	,	64261
517	,	38567
30278	,	94
65525	,	33616
28590	,	65268
861	,	25304
43441	,	1787
62500	,	46540
16038	,	60943
6443	,	13254
54862	,	8569
54588	,	57213
6225	,	51983
16359	,	4404
62657	,	19338
43078	,	63871
774	,	39851
28987	,	218
65533	,	32329
29858	,	65406
597	,	26540
42249	,	1401
63001	,	45404
17107	,	61551
5736	,	14247
53955	,	7771
55466	,	56400
6937	,	52930
15354	,	5010
62162	,	18286
44164	,	63490
1040	,	40959
27868	,	368
65499	,	31212
30961	,	65486
407	,	27618
41207	,	1105
63398	,	44409
18047	,	62043
5156	,	15122
53153	,	7112
56195	,	55678
7574	,	53720
14512	,	5556
61710	,	17402
45079	,	63135
1296	,	41894
26923	,	525
65440	,	30267
31896	,	65524
274	,	28532
40322	,	882
63706	,	43562
18847	,	62432
4694	,	15868
52467	,	6582
56785	,	55058
8122	,	54362
13827	,	6028
61316	,	16682
45825	,	62822
1528	,	42657
26151	,	674
65372	,	29496
32659	,	65535
186	,	29278
39600	,	720
63939	,	42872
19499	,	62729
4336	,	16476
51908	,	6171
57244	,	54554
8569	,	54862
13293	,	6415
60993	,	16122
46405	,	62563
1722	,	43251
25553	,	804
65306	,	28899
33248	,	65532
129	,	29853
39046	,	607
64105	,	42343
19997	,	62945
4076	,	16939
51485	,	5871
57578	,	54172
8906	,	55225
12906	,	6705
60750	,	15717
46823	,	62368
1868	,	43675
25127	,	903
65253	,	28477
33661	,	65523
96	,	30254
38662	,	534
64214	,	41981
20335	,	63086
3906	,	17250
51202	,	5677
57794	,	53920
9126	,	55457
12662	,	6893
60595	,	15464
47079	,	62245
1960	,	43931
24874	,	965
65220	,	28230
33898	,	65516
80	,	30478
38453	,	496
64270	,	41787
20511	,	63157
3823	,	17407
51065	,	5584
57893	,	53802
9224	,	55559
12559	,	6973
60532	,	15364
47175	,	62198
1992	,	44020
24793	,	985
65210	,	28160
33957	,	65514
76	,	30525
38418	,	490
64276	,	41765
20521	,	63161
3823	,	17406
51075	,	5591
57877	,	53821
9199	,	55533
12597	,	6943
60564	,	15415
47110	,	62230
1963	,	43941
24887	,	961
65225	,	28267
33837	,	65518
86	,	30393
38560	,	516
64233	,	41915
20365	,	63098
3908	,	17247
51234	,	5699
57745	,	53977
9049	,	55377
12778	,	6803
60691	,	15620
46882	,	62340
1874	,	43692
25156	,	896
65263	,	28553
33536	,	65526
110	,	30081
38880	,	575
64137	,	42238
20043	,	62964
4081	,	16931
51541	,	5911
57494	,	54269
8777	,	55088
13104	,	6555
60909	,	15980
46490	,	62524
1729	,	43271
25601	,	793
65320	,	29020
33054	,	65534
154	,	29589
39376	,	673
63983	,	42733
19556	,	62754
4347	,	16458
51993	,	6232
57119	,	54694
8387	,	54661
13579	,	6205
61213	,	16501
45929	,	62776
1533	,	42675
26226	,	659
65389	,	29667
32391	,	65533
226	,	28918
40048	,	819
63764	,	43397
18908	,	62460
4714	,	15834
52584	,	6671
56612	,	55244
7885	,	54089
14211	,	5760
61594	,	17187
45195	,	63087
1298	,	41901
27033	,	505
65457	,	30498
31545	,	65513
338	,	28067
40894	,	1023
63466	,	44228
18103	,	62071
5193	,	15064
53308	,	7237
55963	,	55912
7281	,	53364
15006	,	5231
62042	,	18045
44283	,	63445
1036	,	40944
28025	,	345
65511	,	31513
30518	,	65458
504	,	27039
41910	,	1301
63077	,	45220
17147	,	61573
5797	,	14157
54155	,	7942
55163	,	56688
6589	,	52476
15974	,	4630
62541	,	19082
43187	,	63835
763	,	39800
29203	,	194
65535	,	32713
29310	,	65353
741	,	25838
43091	,	1668
62581	,	46366
16050	,	60950
6541	,	13123
55113	,	8800
54198	,	57556
5822	,	51413
17123	,	3975
63073	,	20306
41901	,	64237
499	,	38467
30569	,	73
65509	,	34096
27926	,	65176
1068	,	24468
44429	,	2145
61958	,	47656
14824	,	60186
7440	,	11976
56165	,	9826
53056	,	58500
5000	,	50165
18463	,	3287
63618	,	21723
40421	,	64629
266	,	36941
32123	,	6
65407	,	35661
26369	,	64905
1509	,	22938
45914	,	2752
61188	,	49078
13483	,	59260
8513	,	10734
57293	,	11036
51721	,	59498
4145	,	48721
20003	,	2588
64151	,	23342
38743	,	64986
92	,	35222
33864	,	18
65206	,	37402
24648	,	64514
2088	,	21257
47533	,	3515
60248	,	50616
12046	,	58152
9779	,	9417
58473	,	12446
50181	,	60525
3284	,	47067
21751	,	1907
64641	,	25165
36865	,	65278
4	,	33311
35785	,	139
64875	,	39312
22773	,	63974
2832	,	19441
49269	,	4458
59115	,	52249
10536	,	56841
11256	,	8050
59679	,	14073
48423	,	61554
2448	,	45196
23714	,	1275
65059	,	27197
34787	,	65473
36	,	31212
37881	,	401
64384	,	41378
20761	,	63257
3770	,	17508
51099	,	5607
57766	,	53953
8980	,	55304
12962	,	6663
60879	,	15930
46434	,	62549
1671	,	43099
25895	,	728
65366	,	29437
32515	,	65535
225	,	28934
40137	,	839
63698	,	43585
18631	,	62329
4930	,	15480
52998	,	6990
56175	,	55698
7411	,	53523
14914	,	5290
62035	,	18032
44207	,	63474
992	,	40773
28294	,	306
65524	,	31881
30056	,	65423
607	,	26489
42537	,	1490
62784	,	45911
16408	,	61159
6344	,	13389
54931	,	8632
54322	,	57449
5867	,	51479
17126	,	3973
63107	,	20387
41737	,	64284
456	,	38216
30907	,	52
65489	,	34519
27425	,	65097
1223	,	23898
45057	,	2391
61605	,	48328
14125	,	59715
8038	,	11269
56861	,	10559
52185	,	59163
4392	,	49155
19610	,	2757
64046	,	23001
39023	,	64933
108	,	35434
33723	,	13
65216	,	37335
24644	,	64513
2114	,	21186
47665	,	3582
60128	,	50800
11821	,	57966
10040	,	9162
58742	,	12791
49748	,	60793
3035	,	46542
22369	,	1693
64802	,	25873
36072	,	65368
1	,	32440
36724	,	239
64657	,	40304
21742	,	63625
3323	,	18389
50323	,	5099
58318	,	53284
9543	,	55883
12372	,	7121
60520	,	15345
47001	,	62283
1854	,	43634
25402	,	838
65318	,	28996
32898	,	65535
188	,	29255
39881	,	781
63764	,	43395
18758	,	62390
4888	,	15549
52982	,	6978
56146	,	55728
7347	,	53444
15051	,	5202
62136	,	18233
43939	,	63572
909	,	40436
28699	,	253
65533	,	32350
29527	,	65375
725	,	25909
43159	,	1691
62490	,	46563
15740	,	60764
6848	,	12720
55585	,	9250
53589	,	58070
5296	,	50630
18088	,	3472
63521	,	21456
40569	,	64593
269	,	36960
32238	,	4
65385	,	35909
25994	,	64828
1667	,	22447
46507	,	3019
60789	,	49753
12748	,	58709
9233	,	9967
58063	,	11938
50629	,	60240
3465	,	47434
21481	,	2005
64603	,	25005
36907	,	65273
3	,	33231
35987	,	158
64809	,	39630
22348	,	63835
3068	,	18922
49864	,	4813
58622	,	52899
9855	,	56193
12068	,	7365
60338	,	15059
47260	,	62156
1934	,	43859
25219	,	881
65302	,	28860
32984	,	65535
185	,	29290
39896	,	784
63743	,	43458
18652	,	62339
4977	,	15405
53155	,	7114
55955	,	55921
7144	,	53193
15367	,	5001
62322	,	18615
43490	,	63732
790	,	39921
29275	,	186
65535	,	32982
28848	,	65300
887	,	25193
43902	,	1949
62127	,	47319
14985	,	60291
7435	,	11982
56289	,	9953
52769	,	58723
4712	,	49698
19127	,	2974
63916	,	22594
39342	,	64869
127	,	35657
33601	,	10
65218	,	37314
24565	,	64492
2180	,	21014
47920	,	3713
59911	,	51124
11445	,	57649
10472	,	8754
59161	,	13348
49058	,	61199
2667	,	45717
23329	,	1388
65017	,	26963
34861	,	65469
41	,	31122
38131	,	441
64271	,	41781
20221	,	63038
4125	,	16851
51848	,	6128
57056	,	54763
8144	,	54387
14101	,	5836
61654	,	17298
44836	,	63232
1123	,	41276
27932	,	358
65517	,	31668
30114	,	65428
625	,	26396
42775	,	1565
62620	,	46280
15926	,	60876
6772	,	12818
55563	,	9228
53540	,	58110
5211	,	50499
18312	,	3360
63638	,	21780
40142	,	64695
205	,	36430
32867	,	0
65307	,	36628
25196	,	64649
1967	,	21584
47415	,	3456
60202	,	50687
11813	,	57960
10152	,	9055
58924	,	13030
49365	,	61021
2791	,	46002
23072	,	1467
64976	,	26741
35044	,	65456
34	,	31262
38035	,	426
64286	,	41729
20231	,	63043
4141	,	16822
51909	,	6172
56976	,	54851
8037	,	54265
14270	,	5719
61771	,	17519
44562	,	63339
1037	,	40950
28309	,	304
65529	,	32094
29647	,	65387
729	,	25893
43305	,	1740
62366	,	46827
15375	,	60538
7199	,	12274
56086	,	9746
52930	,	58598
4773	,	49799
19098	,	2987
63933	,	22646
39203	,	64897
108	,	35429
33917	,	20
65160	,	37714
24091	,	64366
2392	,	20476
48507	,	4027
59482	,	51743
10813	,	57093
11163	,	8131
59752	,	14178
48088	,	61733
2214	,	44610
24566	,	1043
65232	,	28320
33400	,	65529
155	,	29575
39743	,	751
63752	,	43432
18559	,	62295
5101	,	15208
53438	,	7342
55604	,	56268
6759	,	52700
16012	,	4607
62694	,	19420
42522	,	64050
558	,	38794
30553	,	74
65495	,	34396
27316	,	65079
1317	,	23568
45590	,	2612
61211	,	49037
13275	,	59107
8897	,	10319
57862	,	11696
50747	,	60162
3451	,	47406
21674	,	1935
64690	,	25374
36358	,	65338
1	,	32504
36883	,	259
64566	,	40679
21168	,	63414
3700	,	17641
51211	,	5683
57491	,	54274
8498	,	54784
13765	,	6072
61517	,	17045
44989	,	63171
1134	,	41317
28012	,	346
65523	,	31872
29788	,	65400
716	,	25954
43321	,	1746
62324	,	46914
15225	,	60444
7360	,	12074
56322	,	9987
52600	,	58852
4518	,	49372
19626	,	2750
64130	,	23275
38476	,	65034
51	,	34611
34817	,	64
64997	,	38683
23070	,	64068
2840	,	19423
49572	,	4636
58703	,	52794
9801	,	56140
12290	,	7186
60603	,	15477
46624	,	62461
1636	,	42993
26320	,	640
65434	,	30191
31436	,	65508
418	,	27545
41808	,	1271
62961	,	45498
16527	,	61228
6448	,	13248
55288	,	8965
53712	,	57968
5246	,	50553
18397	,	3319
63722	,	22018
39740	,	64785
146	,	35862
33597	,	10
65191	,	37510
24179	,	64390
2401	,	20455
48628	,	4094
59335	,	51949
10541	,	56845
11528	,	7815
60087	,	14674
47454	,	62060
1924	,	43833
25485	,	819
65359	,	29373
32222	,	65531
307	,	28290
41114	,	1080
63221	,	44863
17097	,	61545
6084	,	13748
54860	,	8567
54133	,	57612
5530	,	50985
17964	,	3534
63572	,	21594
40146	,	64694
184	,	36242
33249	,	3
65234	,	37199
24450	,	64462
2309	,	20683
48442	,	3992
59439	,	51804
10647	,	56942
11445	,	7886
60045	,	14611
47491	,	62041
1927	,	43840
25511	,	813
65365	,	29434
32127	,	65529
325	,	28162
41272	,	1122
63148	,	45047
16893	,	61434
6239	,	13532
55081	,	8771
53877	,	57830
5327	,	50677
18325	,	3354
63719	,	22008
39684	,	64797
134	,	35737
33791	,	15
65151	,	37770
23860	,	64301
2553	,	20085
49036	,	4323
59017	,	52382
10099	,	56430
12047	,	7383
60491	,	15298
46723	,	62415
1638	,	42999
26414	,	621
65449	,	30389
31134	,	65495
485	,	27146
42295	,	1415
62719	,	46058
15911	,	60868
6942	,	12598
55947	,	9606
52915	,	58610
4651	,	49597
19512	,	2800
64134	,	23286
38330	,	65060
37	,	34326
35239	,	93
64892	,	39232
22406	,	63854
3189	,	18665
50398	,	5147
58011	,	53660
8928	,	55250
13389	,	6343
61376	,	16789
45102	,	63125
1122	,	41270
28229	,	315
65532	,	32263
29228	,	65344
876	,	25238
44174	,	2049
61843	,	47878
14183	,	59755
8281	,	10992
57401	,	11159
51166	,	59883
3585	,	47672
21586	,	1966
64715	,	25483
36042	,	65371
9	,	31981
37605	,	359
64327	,	41583
20109	,	62992
4346	,	16459
52474	,	6588
56300	,	55570
7221	,	53288
15577	,	4871
62583	,	19175
42551	,	64041
521	,	38588
31001	,	47
65453	,	35084
26402	,	64911
1666	,	22451
46876	,	3192
60355	,	50450
11786	,	57937
10409	,	8813
59323	,	13570
48503	,	61510
2286	,	44794
24640	,	1023
65278	,	28667
32775	,	65535
255	,	28680
40887	,	1021
63249	,	44792
17024	,	61506
6225	,	13552
55155	,	8839
53704	,	57975
5136	,	50381
18756	,	3146
63912	,	22580
38969	,	64943
68	,	34883
34772	,	61
64964	,	38863
22677	,	63943
3107	,	18839
50313	,	5093
58016	,	53654
8871	,	55189
13532	,	6240
61506	,	17024
44766	,	63260
1007	,	40829
28773	,	244
65535	,	32905
28498	,	65256
1077	,	24433
45035	,	2383
61360	,	48774
13277	,	59109
9100	,	10105
58240	,	12155
49993	,	60643
2937	,	46328
23092	,	1461
65048	,	27134
34267	,	65501
108	,	30107
39547	,	708
63708	,	43558
18139	,	62089
5540	,	14535
54309	,	8075
54523	,	57271
5698	,	51233
17893	,	3570
63620	,	21727
39792	,	64774
128	,	35661
34054	,	25
65080	,	38214
23247	,	64122
2883	,	19327
49910	,	4841
58278	,	53333
9113	,	55444
13298	,	6411
61396	,	16825
44920	,	63199
1032	,	40929
28733	,	249
65535	,	32928
28413	,	65245
1115	,	24289
45233	,	2463
61224	,	49015
13004	,	58905
9382	,	9814
58533	,	12523
49536	,	60920
2694	,	45779
23729	,	1271
65165	,	27855
33471	,	65528
189	,	29248
40453	,	914
63366	,	44493
17196	,	61599
6184	,	13608
55196	,	8878
53562	,	58092
4970	,	50118
19154	,	2961
64083	,	23121
38284	,	65068
25	,	34059
35725	,	133
64744	,	39926
21527	,	63547
3704	,	17632
51544	,	5912
56960	,	54869
7713	,	53886
15081	,	5182
62417	,	18815
42748	,	63979
523	,	38604
31176	,	38
65426	,	35450
25854	,	64798
1911	,	21740
47724	,	3612
59723	,	51399
10778	,	57061
11552	,	7794
60298	,	14996
46788	,	62384
1572	,	42795
26907	,	528
65497	,	31177
30058	,	65423
748	,	25803
43869	,	1937
61875	,	47817
14029	,	59649
8579	,	10662
57859	,	11692
50363	,	60411
3051	,	46575
22989	,	1492
65058	,	27191
34043	,	65511
142	,	29718
40092	,	829
63461	,	44240
17344	,	61679
6146	,	13662
55222	,	8903
53455	,	58180
4843	,	49912
19468	,	2820
64212	,	23550
37739	,	65156
6	,	33403
36482	,	211
64544	,	40768
20620	,	63201
4230	,	16692
52483	,	6631
56041	,	55773
6883	,	52764
16401	,	4465
62982	,	20322
41072	,	64356
370	,	36785
33107	,	141
65040	,	37455
23817	,	64108
2919	,	19717
49681	,	4947
58062	,	53238
9110	,	55082
13833	,	6351
61465	,	17551
43993	,	63227
1097	,	39803
30047	,	460
65126	,	34408
26799	,	64592
2055	,	22583
46980	,	3723
59617	,	50746
11354	,	56935
11720	,	8311
59817	,	15221
46496	,	61914
2058	,	42431
27342	,	1060
64892	,	31675
29511	,	64719
1575	,	25227
44449	,	2907
60748	,	48370
13536	,	58355
10043	,	10266
58120	,	13321
48581	,	60498
3175	,	44659
25012	,	1863
64409	,	29287
31914	,	64557
1421	,	27603
42141	,	2447
61500	,	46169
15594	,	59378
8773	,	12148
56442	,	11833
50256	,	59049
4376	,	46487
23067	,	2802
63742	,	27261
33984	,	64167
1534	,	29678
40096	,	2289
61919	,	44189
17477	,	60043
7879	,	13904
54840	,	10732
51538	,	57624
5604	,	47924
21504	,	3817
62950	,	25604
35705	,	63606
1863	,	31432
38340	,	2386
62048	,	42462
19147	,	60389
7328	,	15492
53359	,	9993
52448	,	56272
6809	,	48984
20318	,	4861
62081	,	24314
37073	,	62919
2361	,	32853
36891	,	2695
61927	,	41008
20581	,	60452
7089	,	16882
52032	,	9587
53007	,	55026
7956	,	49682
19496	,	5894
61173	,	23385
38090	,	62146
2993	,	33940
35754	,	3179
61591	,	39840
21761	,	60264
7132	,	18058
50878	,	9490
53239	,	53911
9018	,	50041
19021	,	6890
60254	,	22805
38765	,	61315
3727	,	34696
34929	,	3811
61066	,	38959
22685	,	59851
7432	,	19010
49910	,	9675
53166	,	52939
9981	,	50079
18875	,	7833
59343	,	22555
39112	,	60446
4545	,	35136
34404	,	4569
60377	,	38357
23357	,	59236
7965	,	19744
49124	,	10121
52812	,	52111
10842	,	49820
19036	,	8717
58447	,	22616
39153	,	59548
5435	,	35278
34161	,	5439
59537	,	38015
23794	,	58438
8712	,	20272
48510	,	10807
52199	,	51417
11608	,	49288
19478	,	9546
57564	,	22960
38913	,	58622
6391	,	35149
34175	,	6413
58559	,	37910
24019	,	57470
9655	,	20617
48047	,	11711
51349	,	50840
12295	,	48508
20174	,	10333
56686	,	23559
38425	,	57664
7416	,	34782
34412	,	7489
57448	,	38009
24065	,	56343
10780	,	20811
47705	,	12814
50288	,	50351
12925	,	47508
21093	,	11099
55796	,	24378
37723	,	56662
8514	,	34213
34833	,	8667
56211	,	38272
23969	,	55068
12070	,	20889
47451	,	14095
49040	,	49921
13527	,	46318
22200	,	11865
54876	,	25380
36848	,	55603
9695	,	33484
35397	,	9948
54852	,	38657
23774	,	53655
13509	,	20892
47246	,	15531
47634	,	49515
14131	,	44971
23460	,	12658
53907	,	26526
35842	,	54474
10964	,	32641
36058	,	11334
53376	,	39119
23524	,	52118
15077	,	20861
47052	,	17099
46100	,	49098
14766	,	43502
24832	,	13501
52870	,	27771
34751	,	53263
12326	,	31729
36770	,	12821
51793	,	39613
23261	,	50472
16753	,	20837
46834	,	18769
44471	,	48638
15458	,	41950
26275	,	14414
51753	,	29073
33620	,	51963
13782	,	30794
37487	,	14404
50117	,	40094
23027	,	48737
18509	,	20858
46556	,	20509
42784	,	48109
16231	,	40353
27747	,	15415
50545	,	30386
32494	,	50573
15326	,	29882
38165	,	16069
48366	,	40522
22860	,	46938
20316	,	20957
46192	,	22286
41077	,	47486
17099	,	38753
29203	,	16510
49244	,	31667
31417	,	49096
16948	,	29033
38765	,	17800
46564	,	40861
22792	,	45105
22141	,	21161
45720	,	24062
39390	,	46757
18071	,	37192
30603	,	17703
47857	,	32875
30429	,	47544
18628	,	28287
39254	,	19572
44740	,	41080
22847	,	43269
23948	,	21488
45128	,	25798
37763	,	45913
19147	,	35711
31906	,	18987
46395	,	33970
29565	,	45937
20344	,	27674
39602	,	21358
42925	,	41157
23041	,	41466
25698	,	21950
44411	,	27455
36235	,	44957
20319	,	34346
33077	,	20347
44878	,	34921
28855	,	44299
22067	,	27219
39792	,	23124
41155	,	41080
23384	,	39733
27354	,	22548
43573	,	28998
34840	,	43899
21570	,	33131
34085	,	21763
43331	,	35702
28319	,	42658
23763	,	26938
39814	,	24837
39465	,	40843
23872	,	38105
28883	,	23273
42628	,	30394
33609	,	42759
22879	,	32092
34910	,	23207
41786	,	36295
27969	,	41048
25399	,	26837
39666	,	26461
37890	,	40451
24495	,	36616
30253	,	24112
41597	,	31614
32566	,	41560
24215	,	31249
35537	,	24648
40276	,	36692
27808	,	39504
26941	,	26913
39357	,	27964
36461	,	39920
25234	,	35293
31440	,	25038
40506	,	32638
31726	,	40334
25546	,	30611
35960	,	26052
38833	,	36894
27829	,	38057
28357	,	27154
38905	,	29317
35203	,	39270
26063	,	34158
32427	,	26024
39389	,	33455
31096	,	39114
26839	,	30179
36186	,	27385
37491	,	36912
28016	,	36740
29620	,	27540
38334	,	30495
34136	,	38531
26951	,	33225
33204	,	27037
38278	,	34062
30672	,	37933
28060	,	29945
36228	,	28617
36279	,	36764
28347	,	35576
30708	,	28042
37675	,	31484
33270	,	37734
27863	,	32500
33773	,	28041
37208	,	34464
30443	,	36825
29179	,	29891
36108	,	29719
35220	,	36477
28791	,	34584
31609	,	28629
36963	,	32274
32607	,	36916
28765	,	31979
34143	,	29002
36212	,	34677
30389	,	35818
30171	,	29994
35855	,	30672
34329	,	36082
29314	,	33775
32318	,	29265
36232	,	32867
32141	,	36111
29623	,	31649
34332	,	29891
35316	,	34724
30483	,	34937
31016	,	30222
35501	,	31461
33614	,	35614
29882	,	33151
32838	,	29915
35517	,	33273
31857	,	35351
30407	,	31491
34364	,	30680
34541	,	34632
30693	,	34197
31704	,	30542
35082	,	32081
33076	,	35109
30458	,	32706
33182	,	30546
34850	,	33509
31732	,	34664
31095	,	31477
34270	,	31352
33903	,	34435
30984	,	33606
32233	,	30919
34632	,	32536
32704	,	34601
31010	,	32425
33368	,	31127
34255	,	33598
31739	,	34072
31670	,	31576
34083	,	31894
33405	,	34167
31323	,	33166
32607	,	31317
34186	,	32836
32483	,	34120
31512	,	32286
33423	,	31636
33753	,	33571
31845	,	33589
32121	,	31756
33836	,	32304
33048	,	33863
31675	,	32867
32840	,	31706
33772	,	33000
32390	,	33693
31941	,	32265
33375	,	32055
33354	,	33457
32019	,	33221
32450	,	31984
33563	,	32585
32819	,	33553
32012	,	32696
32951	,	32059
33412	,	33051
32400	,	33336
32284	,	32331
33255	,	32376
33063	,	33289
32229	,	32967
32661	,	32228
33293	,	32749
32705	,	33265
32309	,	32632
32964	,	32357
33123	,	33015
32482	,	33063
32535	,	32456
33093	,	32598
32876	,	33096
32446	,	32819
32768	,	32462
33049	,	32814
32683	,	33020
32549	,	32652
32905	,	32585
32912	,	32919
32609	,	32876
32693	,	32610
32918	,	32725
32784	,	32906
32645	,	32762
32789	,	32663
32852	,	32800
32730	,	32832
32722	,	32730
32801	,	32739
32783	,	32792
32754	,	32773
32768	,	32768
32768	,	32768
32768	,	32768
32768	,	32768
32768	,	32768
32768	,	32768
32768	,	32768
32768	,	32768
32768	,	32768
32768	,	32768
32768	,	32768
32768	,	32768
32768	,	32768
32768	,	32768
32768	,	32768
32768	,	32768
32768	,	32768
32768	,	32768
32768	,	32768
32768	,	32768
32768	,	32768
32768	,	32768
32768	,	32768
32768	,	32768
32768	,	32768
32768	,	32768
32768	,	32768
32768	,	32768
32768	,	32768
32768	,	32768
32768	,	32768
32768	,	32768
32768	,	32768
32768	,	32768
32768	,	32768
32768	,	32768
32768	,	32768
32768	,	32768
32768	,	32768
32768	,	32768
32768	,	32768
32768	,	32768
32768	,	32768
32768	,	32768
32768	,	32768
32768	,	32768
32768	,	32768
32768	,	32768
32768	,	32768
32768	,	32768
32768	,	32768
32768	,	32768
32768	,	32768
32768	,	32768
32768	,	32768
32768	,	32768
32768	,	32768
32768	,	32768
32768	,	32768
32768	,	32768
32768	,	32768
32768	,	32768
32768	,	32768
32768	,	32768
32768	,	32768
32768	,	32768
32768	,	32768
32768	,	32768
32768	,	32768
32768	,	32768
32768	,	32768
32768	,	32768
32768	,	32768
32768	,	32768
32768	,	32768
32768	,	32768
32768	,	32768
32768	,	32768
32768	,	32768
32768	,	32768
32768	,	32768
